1.000000000000000000e+00 0.000000000000000000e+00 0.000000000000000000e+00 0.000000000000000000e+00 0.000000000000000000e+00 1.000000000000000000e+00 0.000000000000000000e+00 0.000000000000000000e+00 0.000000000000000000e+00 0.000000000000000000e+00 1.000000000000000000e+00 0.000000000000000000e+00
9.999999962448870017e-01 -8.442144746803313692e-05 1.957664735863960808e-05 1.467223105049712123e-03 8.442301591892828624e-05 9.999999932258499813e-01 -8.013148176000746577e-05 6.767953840184927870e-04 -1.956988241034652537e-05 8.013313417871630138e-05 9.999999965978502159e-01 2.363354568814978428e-03
9.999999861187202077e-01 -1.618945005711898237e-04 -3.940469544809513223e-05 1.406523166929648724e-03 1.618897421157925863e-04 9.999999796077673198e-01 -1.207318363866897852e-04 3.357122218829367206e-04 3.942424046490028471e-05 1.207254554947931492e-04 9.999999919355467837e-01 5.012476401319477951e-04
9.999999914072795759e-01 -1.305807002336157338e-04 1.158108285474647385e-05 -1.044413017338912536e-03 1.305801604603841427e-04 9.999999903887846209e-01 4.659669893684698311e-05 -2.186499413381272957e-03 -1.158716737301394122e-05 -4.659518627679709151e-05 9.999999988473130541e-01 -2.036374157226930777e-03
9.999999943581392436e-01 -8.047000999917934810e-05 6.934189851896701944e-05 -2.311063583219229341e-03 8.046126415100669240e-05 9.999999888098626277e-01 1.261200203661459089e-04 -3.299988972484364964e-03 -6.935204662232159994e-05 -1.261144403177808589e-04 9.999999896427207435e-01 -3.086763612102018557e-03
9.999999996317119333e-01 -2.693837678679131061e-05 -3.301519206138337068e-06 -2.030829467819730708e-04 2.693855580335739429e-05 9.999999981664700055e-01 5.423443756638700303e-05 -1.938588148814962076e-03 3.300058212370919113e-06 -5.423452648457246687e-05 9.999999985238628986e-01 -3.834301252539775253e-04
9.999999985984466822e-01 -5.251650881110940544e-05 -6.717364921748090568e-06 1.441101780415062080e-04 5.251610221137643740e-05 9.999999967899660946e-01 -6.051550898971294563e-05 4.665265734630085642e-04 6.720542963446187694e-06 6.051515613507440529e-05 9.999999981463750798e-01 6.206628888193795480e-04
9.999999931964211886e-01 -1.163978981522127085e-04 -7.660738370911241688e-06 -3.985844810540941328e-04 1.163974487560998837e-04 9.999999915066931644e-01 -5.863657094417687736e-05 1.823279959459703226e-03 7.667563479458996406e-06 5.863567885483638890e-05 9.999999982515328512e-01 2.027246624809851553e-04
9.999999948040231290e-01 -1.019033256266776164e-04 -2.768737341519289316e-06 -7.358261945863503678e-04 1.019032205650527434e-04 9.999999940889278127e-01 -3.791936207094108040e-05 6.412263875926641843e-04 2.772601434253753971e-06 3.791907973066095081e-05 9.999999992772280466e-01 -1.276312359762408924e-04
9.999999976118886247e-01 -6.856289102566728280e-05 -8.680594873092356117e-06 -8.405337454034808803e-04 6.856291415761383635e-05 9.999999976460135498e-01 2.664518633271171461e-06 -5.690755578046720765e-04 8.680412165557665227e-06 -2.665113793789124761e-06 9.999999999587737554e-01 -5.848025907576200576e-04
9.999999954347890130e-01 -9.464735323788241606e-05 -1.312632355073380168e-05 7.606257459914620876e-04 9.464782285978075131e-05 9.999999948807510863e-01 3.578110295753204168e-05 -1.213841170066897205e-03 1.312293689684602262e-05 -3.578234517212998438e-05 9.999999992737061971e-01 -8.143698249038993199e-04
9.999999968145988349e-01 -7.974339839026709051e-05 3.434044002123078780e-06 1.767565873462353249e-03 7.974335265986363128e-05 9.999999967318561334e-01 1.331485708637920623e-05 -1.229383745998181539e-03 -3.435105762853278001e-06 -1.331458320178413558e-05 9.999999999054609567e-01 -3.853316713859965899e-04
9.999999987435385096e-01 -4.868657033058941086e-05 -1.193904576229544440e-05 1.062167117547508765e-03 4.868607442502441267e-05 9.999999979523287452e-01 -4.153322241630551026e-05 -1.908857739915845305e-03 1.194106784800243030e-05 4.153264109885006791e-05 9.999999990662252758e-01 3.792699723611618070e-04
9.999999985414195214e-01 -5.278289994609489685e-05 -1.145104867411356371e-05 -4.417088566529923780e-04 5.278266210011230944e-05 9.999999983912992718e-01 -2.076998056952993209e-05 -1.494104284062912087e-03 1.145214495549853874e-05 2.076937612240238568e-05 9.999999997187406509e-01 -3.378181163133857454e-05
9.999999965945302050e-01 -8.252841614588579699e-05 7.621633996298809619e-09 -9.623716653040089927e-04 8.252841610054958499e-05 9.999999965778940680e-01 5.768219829934167154e-06 -1.922789466622665255e-03 -8.097676016762527323e-09 -5.768219181289287280e-06 9.999999999833637521e-01 -7.237511030886480947e-04
9.999999954389771073e-01 -9.287741058556162868e-05 2.226729231867793606e-05 -7.844096135068581808e-04 9.287626178750697889e-05 9.999999943564029659e-01 5.158676170748530474e-05 -2.582998379160851999e-03 -2.227208343785819824e-05 -5.158469336932621451e-05 9.999999984214869020e-01 -1.482309459552572008e-03
9.999999945875857055e-01 -1.021203840800992998e-04 1.990617525265482137e-05 -8.525402351350885573e-05 1.021193038085504361e-04 9.999999933136618502e-01 5.426162664168828820e-05 -1.369625070264741907e-03 -1.991171633770885620e-05 -5.425959354324359025e-05 9.999999983297099826e-01 -8.308373897884326108e-04
9.999999990272844252e-01 -4.408103855276857604e-05 -1.514291453382765579e-06 3.102040047943736790e-04 4.408103908550529970e-05 9.999999990283691131e-01 3.517743625551247738e-07 -1.727650872271844443e-03 1.514275945332195455e-06 -3.518411137536917893e-07 9.999999999987916333e-01 3.367531132800623793e-04
9.999999981944077687e-01 -5.611839331182621668e-05 -2.149209932449148251e-05 -3.165631891642812557e-04 5.611703048283151461e-05 9.999999964152758158e-01 -6.340605120201442575e-05 -4.102188014862782331e-04 2.149565749316793926e-05 6.340484501473601811e-05 9.999999977588811539e-01 8.796136651873936747e-04
9.999999959727239318e-01 -8.373792681048733920e-05 -3.228794994798215808e-05 -8.618456801311272794e-04 8.373617654471729389e-05 9.999999950250050285e-01 -5.420555983857563775e-05 -7.188971903431158605e-04 3.229248884855225678e-05 5.420285595079776906e-05 9.999999980096228036e-01 6.880196935341782206e-04
9.999999978038279780e-01 -6.573239924077264396e-05 -8.461426159016557504e-06 -1.257573412431721048e-03 6.573232828159441339e-05 9.999999978044663562e-01 -8.386200942712931209e-06 -1.683425787850431708e-03 8.461977385547691567e-06 8.385644735053375765e-06 9.999999999290379860e-01 -3.427377858517257291e-04
9.999999986873683300e-01 -4.246113873500452181e-05 2.867603496596747009e-05 -5.638011480644457458e-04 4.246052915172635262e-05 9.999999988726033795e-01 2.125786020932895221e-05 -3.087014809171839680e-03 -2.867693756658976187e-05 -2.125664258180658299e-05 9.999999993628941874e-01 -1.249686218775205920e-03
9.999999972476167898e-01 -6.941915140830739431e-05 2.618678637626486918e-05 2.217581259059444229e-05 6.941797127230623808e-05 9.999999965751767972e-01 4.506430459798459225e-05 -2.715190526949154155e-03 -2.618991461236374964e-05 -4.506248664036596730e-05 9.999999986417302811e-01 -1.350908963358009524e-03
9.999999987760808118e-01 -4.947520302997694843e-05 2.066073670360332047e-07 2.835531452893521914e-04 4.947520321140510380e-05 9.999999987757165476e-01 -8.782173880459433711e-07 -1.386145871510825614e-03 -2.065639167995091668e-07 8.782276089125452300e-07 9.999999999995929922e-01 1.642511364933696362e-04
9.999999998246074107e-01 -1.858103387568746614e-05 2.351690607389877184e-06 7.769710183377836555e-04 1.858109667126637678e-05 9.999999994707899909e-01 -2.670510865564947953e-05 -1.767952560542393253e-03 -2.351194397616754270e-06 2.670515234795611868e-05 9.999999996406533365e-01 7.936967018364969714e-05
9.999999989611559892e-01 -4.553171727729536769e-05 -2.133267324623117271e-06 1.175360550526084215e-03 4.553169982719731983e-05 9.999999989299814818e-01 -8.179321179553451795e-06 -1.380216591295560123e-03 2.133639740879949861e-06 8.179224039768934003e-06 9.999999999642739112e-01 -5.661444577701125937e-04
9.999999985685215087e-01 -5.049647453044735858e-05 -1.769358965228427658e-05 8.085239257696642812e-04 5.049662830849326549e-05 9.999999986872799562e-01 8.690833902329512996e-06 -1.381892492757236289e-03 1.769315077258474666e-05 -8.691727356508885391e-06 9.999999998057031991e-01 -4.374644922059776203e-04
9.999999986611286529e-01 -5.174516957431207791e-05 4.244061789852099937e-07 7.469274561103105307e-04 5.174516026467245730e-05 9.999999984212731841e-01 2.190643941521993926e-05 -1.823550624406537063e-03 -4.255397307374984689e-07 -2.190641742492428713e-05 9.999999997599638979e-01 -1.079353577256296059e-03
9.999999977500999560e-01 -5.809740207560083058e-05 3.353344591489582728e-05 3.462715058980385570e-03 5.809437709856198133e-05 9.999999942443495993e-01 9.020168594465758694e-05 -2.933847337910873605e-03 -3.353868620550525627e-05 -9.019973763706040930e-05 9.999999953695819510e-01 -3.129704469953119034e-03
9.999999979238528569e-01 -6.395801830502886572e-05 -7.852775098613459903e-06 3.834730089714431800e-03 6.395838580335390410e-05 9.999999968592054866e-01 4.680720030759461550e-05 -2.827089323860945518e-03 7.849781378175427088e-06 -4.680770246123537381e-05 9.999999988737099388e-01 -8.743966745819254163e-04
9.999999996552224601e-01 -2.307205933946111174e-05 -1.253934467798891575e-05 2.527721960997203390e-03 2.307186666560589517e-05 9.999999996157956650e-01 -1.536547167661876250e-05 -9.883740027018708251e-04 1.253969918624554701e-05 1.536518236523260473e-05 9.999999998033335391e-01 2.340333641451217172e-04
9.999999996782220624e-01 -2.429974312131861957e-05 7.285489736478548198e-06 1.348375276752324797e-03 2.429993294283773201e-05 9.999999993653048147e-01 -2.605578069910860828e-05 -1.162451651441143759e-03 -7.284856583076669258e-06 2.605595772763648568e-05 9.999999996340089847e-01 -2.423578508637051873e-04
9.999999991145180900e-01 -4.152876405547738112e-05 -6.806282812197711327e-06 1.954092465001924708e-03 4.152880067506705238e-05 9.999999991232060292e-01 5.380209704908781872e-06 -1.999466439123836776e-03 6.806059372770601298e-06 -5.380492356906948878e-06 9.999999999623638836e-01 -2.927740455595513971e-04
9.999999949462229365e-01 -1.005251917065541454e-04 -1.496672242726922088e-06 2.169095281938400802e-03 1.005252276288454914e-04 9.999999946588412625e-01 2.402074364999070465e-05 -1.837080796653543530e-03 1.494257544872608444e-06 -2.402089398191310823e-05 9.999999997103818927e-01 -8.483859798846730797e-04
9.999999967527365419e-01 -8.048374161196488082e-05 -4.110270079611510189e-06 1.327983648760938011e-03 8.048379303992242223e-05 9.999999966828865272e-01 1.251343054745421917e-05 -2.382889839789602022e-03 4.109262938266417916e-06 -1.251376131694623767e-05 9.999999999132598294e-01 -6.113666323060439100e-04
9.999999977392900474e-01 -6.683406486353796617e-05 -7.391057312185891121e-06 1.828438830307257349e-03 6.683380379376138356e-05 9.999999971429762713e-01 -3.531699334683486723e-05 -1.491319902372507727e-03 7.393417669293595014e-06 3.531649929451915321e-05 9.999999993490411576e-01 2.141066252362808665e-04
9.999999981378000502e-01 -5.824942964808791100e-05 -1.820450148456829201e-05 2.541700522426396450e-03 5.824920560657828274e-05 9.999999982277811839e-01 -1.230721702287569295e-05 -5.914977281516301021e-04 1.820521834067807341e-05 1.230615660220725279e-05 9.999999997585642397e-01 -6.136380536648682396e-04
9.999999994288633065e-01 -2.770706504673716924e-05 -1.935438039844641344e-05 2.975525557826735890e-03 2.770776621852870963e-05 9.999999989598791217e-01 3.622873844977307693e-05 -6.143632020328427526e-04 1.935337658630272920e-05 -3.622927469572889296e-05 9.999999991564432200e-01 -1.072466782507627055e-03
9.999999988861193456e-01 -4.686507722643037553e-05 5.605878629076414506e-06 3.617767364033740250e-03 4.686482341779327719e-05 9.999999978772931009e-01 4.526700895329499976e-05 1.048038076470031828e-04 -5.608000059047182097e-06 -4.526674618436089240e-05 9.999999989597360139e-01 -1.485797809406628166e-03
9.999999982556998512e-01 -5.854183622020072358e-05 -7.839245398610878452e-06 4.874111478965459723e-03 5.854180125714277563e-05 9.999999982764822271e-01 -4.460158185916918589e-06 -4.856113981051466636e-04 7.839506490949835329e-06 4.459699254590932422e-06 9.999999999593266464e-01 1.533640224908179280e-04
9.999999930821860117e-01 -1.166655672295367058e-04 -1.499244256433529508e-05 3.005945755783241864e-03 1.166653108583520077e-04 9.999999930484015920e-01 -1.709976478889213821e-05 -2.152107291468356286e-03 1.499443741387244398e-05 1.709801557262685497e-05 9.999999997414124042e-01 2.921095887681364358e-04
9.999999909257619723e-01 -1.338950269999486953e-04 -1.485253329003526108e-05 7.199367504126856715e-04 1.338953259186497933e-04 9.999999908334806786e-01 2.012660389541292430e-05 -3.147170781561321653e-03 1.484983830171723576e-05 -2.012859239756491605e-05 9.999999996871610231e-01 -8.749531052167520149e-04
9.999999849322419587e-01 -1.727894974249578473e-04 -1.671243463544507836e-05 1.342280496922115167e-03 1.727878371095577627e-04 9.999999801422754242e-01 -9.929658696328347149e-05 -1.933910578730166059e-03 1.672959171093155295e-05 9.929369776167302532e-05 9.999999949304411162e-01 1.595160511432315966e-03
9.999999828777723643e-01 -1.845820339544841919e-04 1.318816306998723127e-05 1.716631914823103485e-03 1.845828592583458473e-04 9.999999810048689763e-01 -6.260534901518891601e-05 -8.728581696520352692e-04 -1.317660699681869265e-05 6.260778225209369971e-05 9.999999979533212846e-01 7.217024017649264047e-04
9.999999873811786788e-01 -1.574468191508664107e-04 2.116935681771180464e-05 2.200495691662837476e-03 1.574468647544482482e-04 9.999999876029255219e-01 -2.152576874512097603e-06 -1.563821990553295165e-03 -2.116901763889184260e-05 2.155909896208930715e-06 9.999999997736124246e-01 -3.503982836980887045e-04
9.999999925876168483e-01 -1.196257689698210539e-04 2.268130694793600688e-05 1.659521733493060950e-03 1.196248243836484006e-04 9.999999919778891355e-01 4.164280430016405968e-05 -3.144611542736431599e-03 -2.268628831847051763e-05 -4.164009074413119773e-05 9.999999988757175551e-01 -1.950061323549109708e-03
9.999999880070095104e-01 -1.547622183738219751e-04 5.885288886044406472e-06 7.591615689206620502e-04 1.547618257539209747e-04 9.999999858030022004e-01 6.665412808419995993e-05 -4.235062542045358626e-03 -5.895604343217055703e-06 -6.665321646676454395e-05 9.999999977612953339e-01 -2.221405049959587763e-03
9.999999838602571245e-01 -1.790165742517275450e-04 -1.524964082785472363e-05 -5.410754328395603286e-04 1.790164416369893980e-04 9.999999839387362366e-01 -8.697174349506933493e-06 -2.682669794168630970e-03 1.525119752128394110e-05 8.694444272699531275e-06 9.999999998459038197e-01 -2.568291532952389264e-05
9.999999898066217474e-01 -1.427443184269712472e-04 3.288769155793189802e-06 3.311936045089022710e-04 1.427443587953238966e-04 9.999999897366537160e-01 -1.227764487566106457e-05 -1.395404561810903617e-03 -3.287016557989748535e-06 1.227811420375475483e-05 9.999999999192217270e-01 7.619905144814481538e-04
9.999999922761688698e-01 -1.218326719558789686e-04 2.458581333312166286e-05 1.614851864805353027e-03 1.218321509869175844e-04 9.999999923539510949e-01 2.119020537198301911e-05 -2.253382681046139577e-03 -2.458839480447709059e-05 -2.118720986579130907e-05 9.999999994732564623e-01 -2.450077325040894965e-04
9.999999933878663816e-01 -1.149967984708288247e-04 -6.006009011312746260e-08 3.750362470431597463e-03 1.149967988248586727e-04 9.999999933702961030e-01 5.928235430666771032e-06 -2.923863686202414405e-03 5.937836161983884853e-08 -5.928242298186586286e-06 9.999999999824261687e-01 -4.621729992656026156e-04
9.999999927282624546e-01 -1.189992383024378585e-04 -1.956160484005521196e-05 3.767766840034640890e-03 1.189991177195568573e-04 9.999999929005994881e-01 -6.165311541589563215e-06 -2.919144408278926111e-03 1.956233836855689466e-05 6.162983683039891341e-06 9.999999997896662496e-01 -8.499423894850748496e-04
9.999999840770905646e-01 -1.757945201119207133e-04 -3.069373365149576154e-05 3.103405103428611648e-03 1.757936022753286108e-04 9.999999841012039425e-01 -2.990319870786116476e-05 -1.136681380638619428e-03 3.069898998196901108e-05 2.989780246970936704e-05 9.999999990818466689e-01 8.398027278924302295e-05
9.999999784263140512e-01 -2.074233111263248811e-04 -1.108789586522167943e-05 2.448824239540528525e-03 2.074230474401500979e-04 9.999999782051592900e-01 -2.377730631944912474e-05 -8.150332517613290704e-04 1.109282759116920049e-05 2.377500592133492699e-05 9.999999996558491810e-01 1.387520180275299514e-04
9.999999773227981059e-01 -2.127416576407941318e-04 9.766795263886645815e-06 2.485970301295674714e-03 2.127416952806022315e-04 9.999999773630625644e-01 -3.852977393075395933e-06 -1.137225757400646062e-03 -9.765975353998856008e-06 3.855055110282548752e-06 9.999999999448820898e-01 1.468067300610255259e-04
9.999999801061620897e-01 -1.993539746220715926e-04 -6.757835408680643092e-06 2.239412200324720874e-03 1.993539033514036770e-04 9.999999800734076238e-01 -1.054540876843749454e-05 -1.674103464307353985e-03 6.759937543172013533e-06 1.054406135778191548e-05 9.999999999215629654e-01 8.886536456403876065e-04
9.999999879863564756e-01 -1.539561393254644832e-04 -1.802204313205772420e-05 2.425700394387543275e-03 1.539559513493210432e-04 9.999999880943767350e-01 -1.043126854120394488e-05 -1.678597295803417773e-03 1.802364887532694376e-05 1.042849381509074803e-05 9.999999997831973131e-01 3.780875196050276113e-04
9.999999939570979324e-01 -1.088398716432503678e-04 -1.548181327183847719e-05 2.729057852910977099e-03 1.088399221064994529e-04 9.999999940716260971e-01 3.258712830546412468e-06 -2.910962937482509168e-03 1.548145850217030227e-05 -3.260397850204904240e-06 9.999999998748471119e-01 -3.689196802452418046e-04
9.999999927243546916e-01 -1.189309847187113587e-04 -2.016708687808815034e-05 2.015504239964795424e-03 1.189315852551198563e-04 9.999999924842308818e-01 2.977946026213161720e-05 -3.189394559818578556e-03 2.016354502598361056e-05 -2.978185854907922016e-05 9.999999993532361353e-01 -8.425487693056529651e-04
9.999999871396704210e-01 -1.595121801675646511e-04 -1.662898911599787846e-05 2.151327424282593187e-03 1.595120557467631899e-04 9.999999872499526488e-01 -7.483220439494992410e-06 -1.934740311691124197e-03 1.663018256878445660e-05 7.480567819019429505e-06 9.999999998337391061e-01 -7.890974088573207723e-05
9.999999847143656861e-01 -1.747355220676384145e-04 -6.226206179918391517e-06 1.940764074204850368e-03 1.747350387724304701e-04 9.999999817276906677e-01 -7.753892312213771947e-05 1.934844124607287450e-04 6.239754870363535467e-06 7.753783400052781795e-05 9.999999969744748363e-01 1.556832329931631459e-03
9.999999882982160138e-01 -1.528556463683996669e-04 -6.222475642353564765e-06 3.443033645547499428e-03 1.528548514579235738e-04 9.999999801833332480e-01 -1.275489221262739452e-04 -2.152218718128731461e-04 6.241972091980042740e-06 1.275479694981339720e-04 9.999999918462766368e-01 2.279300809275188692e-03
9.999999871392225570e-01 -1.603674615496630091e-04 -1.957541271148797639e-06 5.476079512280840160e-03 1.603673536234740814e-04 9.999999856281195365e-01 -5.500974992741032636e-05 -2.419365978406832693e-03 1.966363016971588740e-06 5.500943529422891323e-05 9.999999984850477253e-01 6.602202200624578306e-04
9.999999892173525584e-01 -1.468512417445459652e-04 8.640514083074016604e-08 3.781987866083493226e-03 1.468512393604798761e-04 9.999999888535732184e-01 2.697344833568841296e-05 -2.060081805137745168e-03 -9.036622424985978579e-08 -2.697343535614121383e-05 9.999999996362127774e-01 -1.042334319229181946e-03
9.999999907303831481e-01 -1.361168432456596143e-04 -3.382093442472408821e-06 1.598964848156980657e-03 1.361170343710669986e-04 9.999999891357022053e-01 5.657515731493459072e-05 -3.017189058768126198e-03 3.374392573908503285e-06 -5.657561715103392379e-05 9.999999983939065196e-01 -1.554935425768495891e-03
9.999999794136986697e-01 -2.026632591525004651e-04 -1.001027559068559977e-05 1.384982661309866990e-03 2.026633558918301196e-04 9.999999794170860712e-01 9.663933855840366389e-06 -2.291607593670706971e-03 1.000831686031349973e-05 -9.665962372940320663e-06 9.999999999032014308e-01 -5.422804300627562593e-04
9.999999735293798597e-01 -2.300275633681793353e-04 5.344115392955582905e-06 1.986538680292014927e-03 2.300276557957026526e-04 9.999999733939757274e-01 -1.730102379009404960e-05 -1.842786150326898185e-03 -5.340135538423709464e-06 1.730225262646136722e-05 9.999999998360574738e-01 -3.707375989862160396e-04
9.999999899851752527e-01 -1.414685606430064475e-04 4.036791011704970851e-06 3.222396242402427759e-03 1.414686020005722570e-04 9.999999899408197335e-01 -1.024671334613848438e-05 -3.093542566630471616e-03 -4.035341383309762506e-06 1.024728432270043929e-05 9.999999999393546224e-01 9.357096197404336498e-05
9.999999944772702820e-01 -1.045740865303403257e-04 -1.047471909783830934e-05 3.714818667546423026e-03 1.045740992001354162e-04 9.999999945313979843e-01 1.209019023385824843e-06 -2.936046026373471431e-03 1.047459260849627144e-05 -1.210114401022770897e-06 9.999999999444092458e-01 1.830033970355998685e-04
9.999999949006657118e-01 -9.954303845161200368e-05 -1.702503860616323269e-05 3.618749911065004352e-03 9.954327445364572868e-05 9.999999949494938756e-01 1.386177015423872940e-05 -2.952638616491727076e-03 1.702365867745869892e-05 -1.386346481164348570e-05 9.999999997589996692e-01 -6.625922589670328643e-04
9.999999881205380303e-01 -1.503920121555402524e-04 -3.378115659909832700e-05 2.691387140855500387e-03 1.503905315386899907e-04 9.999999877309001528e-01 -4.382793199852750622e-05 -2.713740422546938921e-03 3.378774755551581502e-05 4.382285111177831947e-05 9.999999984689729171e-01 6.953140454490536367e-04
9.999999734171166610e-01 -2.305655449570404166e-04 2.301166892265914407e-06 8.915579187517234244e-04 2.305656469855139228e-04 9.999999724324454276e-01 -4.443636940904833994e-05 -3.563542971929260002e-03 -2.290921333099661202e-06 4.443689879783485717e-05 9.999999990100568725e-01 4.845197680950677336e-04
9.999999841558170344e-01 -1.780099058962185225e-04 -9.160591119760101410e-07 1.633604276758946145e-03 1.780098567591573491e-04 9.999999827324390633e-01 -5.336302471329039832e-05 -3.754868065162564762e-03 9.255582431654540326e-07 5.336286080024555865e-05 9.999999985757742627e-01 1.405685014246342871e-03
9.999999892262947387e-01 -1.462518192697020666e-04 1.256247545401529795e-05 1.092282394201085378e-03 1.462518546909025445e-04 9.999999893012248009e-01 -2.818731192211284611e-06 -3.567749308268216343e-03 -1.256206307504730379e-05 2.820568447177763987e-06 9.999999999171195197e-01 5.447312780175049047e-05
9.999999952343008314e-01 -9.760848536053629899e-05 -1.995493821742914096e-06 1.505205407767964054e-03 9.760851664005989374e-05 9.999999951133419218e-01 1.568099571018982536e-05 -3.268493980347569969e-03 1.993963213751401820e-06 -1.568119041265081718e-05 9.999999998750621621e-01 -5.010503558634242949e-04
9.999999576138187685e-01 -2.909532897171776479e-04 -1.088778775021165066e-05 2.254690665442707180e-03 2.909537320147375533e-04 9.999999568470042677e-01 4.064376148103872370e-05 2.176692268263116185e-04 1.087596184426160507e-05 -4.064692760078418538e-05 9.999999991147703327e-01 -4.889304499900127502e-04
9.999982433210362620e-01 -1.860471068029402033e-03 -2.280400109195219517e-04 -4.863785128572992340e-03 1.860494689514093037e-03 9.999982639307621879e-01 1.034164982804030772e-04 1.003340626498842696e-02 2.278472116232663984e-04 -1.038405838401285683e-04 9.999999686513901809e-01 3.754310717753541783e-03
9.999963326487130155e-01 -2.702331011740853172e-03 -1.791542006137040067e-04 -1.073568942779873185e-02 2.702358361133633171e-03 9.999963369807007840e-01 1.525924925097070137e-04 -1.085473107089806634e-02 1.787411889437418391e-04 -1.530760717513938714e-04 9.999999723096514304e-01 7.516531994174788407e-03
9.999968386206685711e-01 -2.513354305184460364e-03 7.614988677601437360e-05 -5.837537057409192265e-03 2.513325156616172135e-03 9.999967692080525827e-01 3.804866805162742207e-04 -3.872470519725558502e-02 -7.710593858811430840e-05 -3.802940882274389060e-04 9.999999247155375581e-01 4.663811369008546287e-03
9.999972447159528599e-01 -2.346533234471565900e-03 -6.589599573965825355e-05 -4.011455501593421888e-03 2.346593665927676833e-03 9.999968119843777314e-01 9.324801596583660260e-04 -4.754319093832282822e-02 6.370768997707068181e-05 -9.326322215368705246e-04 9.999995630691392856e-01 6.966962155921919628e-03
9.999967042819810636e-01 -2.567222713474859568e-03 -2.815520585212484320e-05 2.730917183002726928e-03 2.567249633000157679e-03 9.999962027685396215e-01 1.001837224185913753e-03 -8.226212458552736861e-02 2.558315966315671805e-05 -1.001906203854812912e-03 9.999994977646041727e-01 2.121407840676539300e-03
9.999997082399544324e-01 -7.620296512125246651e-04 -5.320542089800385136e-05 2.524741054681121574e-02 7.621191719811144750e-04 9.999982589592120164e-01 1.703306464649171487e-03 -9.977542352068438647e-02 5.190735823403127533e-05 -1.703346516563719430e-03 9.999985479570810964e-01 -1.713896628205826243e-03
9.999994986445513989e-01 -9.999782281783504544e-04 5.248036719599930022e-05 2.875682615267130884e-02 9.998792012329441124e-04 9.999977810799116629e-01 1.854205176384886777e-03 -1.223805933319874473e-01 -5.433441555321876681e-05 -1.854151772741386567e-03 9.999982795830075766e-01 -1.396570574238267587e-03
9.999990315586281264e-01 -1.385754060599499269e-03 1.287147597375740550e-04 3.538188442810153572e-02 1.385540324101740880e-03 9.999976853971535018e-01 1.646049314539695194e-03 -1.140610981899047027e-01 -1.309954813355951764e-04 -1.645869380947515394e-03 9.999986369761534322e-01 -2.309805910567929495e-03
9.999880390296056465e-01 -4.890912685559103273e-03 2.776375758405850999e-05 1.245441570404327326e-02 4.890874302083963662e-03 9.999872635000200960e-01 1.245867690720867333e-03 -2.558461939053922052e-01 -3.385683406403551174e-05 -1.245716999885806324e-03 9.999992235211340175e-01 5.581596942735161937e-03
9.999840305345205627e-01 -5.650098573436518855e-03 -1.227275261088968373e-04 -8.040181330705450198e-04 5.650245940036795721e-03 9.999832738950016342e-01 1.235577213897132067e-03 -3.573914508475014573e-01 1.157443403017980883e-04 -1.236250923095594907e-03 9.999992291431543112e-01 7.101608829059213347e-03
9.999887110466472162e-01 -4.749417963206287001e-03 -1.442507403372018178e-04 9.640636728373834941e-04 4.749647989128971508e-03 9.999873780050753114e-01 1.638497639370479998e-03 -3.995757488132193891e-01 1.364670094839921300e-04 -1.639164282685833321e-03 9.999986472576899432e-01 3.022971719780788522e-03
9.999906210630099546e-01 -4.330962895501144425e-03 2.337548934676863768e-05 6.666660808499215093e-03 4.330907933300652199e-03 9.999886495175807077e-01 1.985968901686675260e-03 -3.723607522206938691e-01 -3.197638164851191334e-05 -1.985849038317225295e-03 9.999980276886090147e-01 -2.067631258853347507e-03
9.999894285247132864e-01 -4.597605965128602305e-03 6.970083923290085193e-05 1.057516365948400804e-03 4.597449586838103265e-03 9.999872297817584688e-01 2.098506778901721749e-03 -4.325719334440977226e-01 -7.934805642251357960e-05 -2.098164148494635877e-03 9.999977957031165321e-01 2.944889869872481785e-03
9.999883591458199605e-01 -4.825031071716078847e-03 -2.545599633555142505e-05 -9.719464149684869242e-03 4.825073291977202868e-03 9.999862350857834370e-01 2.061142083297033949e-03 -4.849108934707268559e-01 1.551057134081577235e-05 -2.061240916890636540e-03 9.999978755203956515e-01 9.041939188150693515e-03
9.999892156170345769e-01 -4.641046711818209644e-03 -1.712747695659022553e-04 -1.458998618812791179e-02 4.641393437335309194e-03 9.999870596635613840e-01 2.082779965555519534e-03 -5.311492125472513370e-01 1.616062741021783301e-04 -2.083552457650183175e-03 9.999978163439000589e-01 1.016645056026379244e-02
9.999867783077784900e-01 -5.138534242848954645e-03 -1.966607867493403491e-04 -3.811759790422706087e-03 5.138963465395923053e-03 9.999842684161739381e-01 2.248104684128789978e-03 -5.511262992617628198e-01 1.851057300627833636e-04 -2.249085592978755134e-03 9.999974536716901286e-01 5.915053840581158476e-03
9.999874172500379244e-01 -5.015607942191525372e-03 -9.496614577351250857e-05 -1.101317727298138476e-02 5.015814337880681283e-03 9.999847419321088449e-01 2.314629452358076683e-03 -6.181410510261365898e-01 8.335542290913534132e-05 -2.315076660510006611e-03 9.999973167323648049e-01 2.690865066803004284e-03
9.999800032964909491e-01 -6.319806071160308410e-03 -2.303440315212057596e-04 -2.068870223843326944e-02 6.320305839988485906e-03 9.999775230339986720e-01 2.237668625494816915e-03 -6.775940980809522785e-01 2.161972223215935659e-04 -2.239079724226391687e-03 9.999974698871740841e-01 9.874027974752045203e-03
9.999611805295002265e-01 -8.804330663016678854e-03 -3.481316194679386468e-04 -2.954856031174443731e-02 8.805065651526888804e-03 9.999588816440220240e-01 2.169294841428894439e-03 -6.961468215089914313e-01 3.290181157785658115e-04 -2.172275952316579748e-03 9.999975864792206570e-01 8.297514623717536578e-03
9.997199970790121570e-01 -2.366131689428912360e-02 -2.636724635496931566e-04 -4.253808895131632600e-02 2.366186291129686314e-02 9.997173566318634519e-01 2.307182820376827304e-03 -6.563645536692467308e-01 2.090069544305147350e-04 -2.312775784133865031e-03 9.999973036884975963e-01 4.300528256508418315e-03
9.985342219885443571e-01 -5.412394231843765946e-02 -7.991021859644922257e-05 2.212109275600753280e-02 5.412394823737753935e-02 9.985300869487133690e-01 2.874662657208277433e-03 -5.967768483040962746e-01 -7.579531832050443818e-05 -2.874774096429940067e-03 9.999958649559328450e-01 -3.604248254139677293e-04
9.955713335956604126e-01 -9.400912521138220235e-02 6.402772027154537125e-05 2.749841123718462649e-02 9.400836765919322324e-02 9.955656224759722450e-01 3.393840609676648107e-03 -7.461039207083809410e-01 -3.827957840104241919e-04 -3.372791280319222679e-03 9.999942388565882245e-01 6.543279475192424408e-03
9.926316098964773627e-01 -1.211713019114674939e-01 5.125824577688657750e-05 -2.628547675767916453e-02 1.211703133833299528e-01 9.926250523472540666e-01 3.641511663697180167e-03 -1.064099267378561420e+00 -4.921269281134917246e-04 -3.608468607488265947e-03 9.999933683607084012e-01 1.540314333894527224e-02
9.918771013006136839e-01 -1.271997568791662925e-01 -1.943331498663476687e-04 -7.971507930417509602e-02 1.271996887511075425e-01 9.918714356322556602e-01 3.360708025030642067e-03 -1.139822306607803926e+00 -2.347277433768880451e-04 -3.358128450362124484e-03 9.999943339220465077e-01 1.884489745176629386e-02
9.921328496598804669e-01 -1.251890652155146777e-01 -3.264601514513988277e-04 -2.347398187342368894e-02 1.251894608940730402e-01 9.921274339020546007e-01 3.279295652350916988e-03 -8.717501598719198386e-01 -8.664188495236025171e-05 -3.294366310807770541e-03 9.999945698071535105e-01 6.199773649635600958e-03
9.921670725750387776e-01 -1.249175024130389916e-01 -3.430579632484252153e-04 6.346644117552370512e-02 1.249179129833986185e-01 9.921601479006356694e-01 3.708899251898299405e-03 -7.073013159550788354e-01 -1.229379916936759276e-04 -3.722701798033016107e-03 9.999930631647266921e-01 -1.018124994942094233e-03
9.910828926041962417e-01 -1.332464631913040931e-01 -2.829033540874594248e-04 7.519671569522384802e-02 1.332465480753674825e-01 9.910752384244027047e-01 3.902461788684274003e-03 -7.857710395370653966e-01 -2.396107219780975234e-04 -3.905359013177652720e-03 9.999923453495431769e-01 3.363019913186193408e-03
9.888751543465765792e-01 -1.487472132405004421e-01 -4.423451362384141802e-04 -8.418160662211512241e-03 1.487478505103588811e-01 9.888722053047768190e-01 2.416307971952564356e-03 -1.090069360616549021e+00 7.800373321917339722e-05 -2.455224806912631105e-03 9.999969828887310674e-01 2.661972943075262971e-02
9.864309791881097356e-01 -1.641699009123266384e-01 -1.472050414799117067e-03 -8.496056545720649666e-02 1.641694954151189934e-01 9.864320667502854967e-01 -3.930164187244338620e-04 -1.319048862237737207e+00 1.516599199549816110e-03 1.460177969361599619e-04 9.999988393021618238e-01 1.316603506890972469e-02
9.855061612890350098e-01 -1.695687262272189966e-01 -4.904400781858082349e-03 -6.655694543763321369e-02 1.694338621286230195e-01 9.853228452621817235e-01 -2.076191148756742488e-02 -1.352915663203454244e+00 8.352989017675546690e-03 1.963002012523843570e-02 9.997724190456312998e-01 -9.121554945447803153e-02
9.851831235592481972e-01 -1.714981335963504938e-01 1.613451893170231256e-03 -4.729259709472824653e-03 1.713596664667250691e-01 9.839123993884247854e-01 -5.051984796222012269e-02 -1.192527124704749308e+00 7.076564311585223366e-03 5.004778219543208617e-02 9.987217539108991238e-01 -1.974124646744105649e-01
9.832524982089660970e-01 -1.820829591815410764e-01 7.766642873240667093e-03 8.983072779150186316e-02 1.821085434986286777e-01 9.799347717767394883e-01 -8.102050016926351517e-02 -1.051435001249500401e+00 7.141649013727517301e-03 8.107798121908817157e-02 9.966821749237827488e-01 -7.349692488333635365e-02
9.811333565757666131e-01 -1.931205821396242417e-01 9.043084010565452871e-03 9.583315065608420669e-02 1.932113831189916642e-01 9.777937233764636416e-01 -8.117139865025105316e-02 -1.219614290986868355e+00 6.833596974927040081e-03 8.138719358501307621e-02 9.966591326390080718e-01 2.471677650694777822e-02
9.797902834175492570e-01 -1.992711480851416805e-01 1.737843667848881432e-02 3.096435410505794447e-02 1.999991321234269592e-01 9.774101748181786009e-01 -6.833518355703512015e-02 -1.412713512641036173e+00 -3.368630349969114514e-03 7.042982111809738266e-02 9.975110488745666526e-01 2.475256507425808300e-03
9.779824601723754451e-01 -2.075830847269290458e-01 2.143759619082185111e-02 4.613915224549218312e-03 2.085142759958100167e-01 9.761828724449272965e-01 -5.990656267149700037e-02 -1.431496057734627625e+00 -8.491425153134463805e-03 6.305761239076097813e-02 9.979737637926386906e-01 -1.202401473037302722e-02
9.759073365810564393e-01 -2.175525488846779265e-01 1.660598931254832558e-02 2.073508998143551788e-02 2.181724688139361212e-01 9.738477303300017152e-01 -6.341428847457404594e-02 -1.356190988512412376e+00 -2.375764908557618290e-03 6.550943905182085580e-02 9.978491214287934508e-01 -1.108038352977482738e-02
9.725370795362980880e-01 -2.327452563026323751e-01 1.128979906819754060e-03 9.031233154966776533e-02 2.323363109951291638e-01 9.705170618985434761e-01 -6.415973158448629032e-02 -1.341265575780440589e+00 1.383717890983015772e-02 6.266002100574721845e-02 9.979390032699276825e-01 -5.809556364632043057e-02
9.683817990544454357e-01 -2.492565726820614169e-01 -1.038519305877896350e-02 1.144020755646538434e-01 2.481760453402875599e-01 9.667519897833580789e-01 -6.163798154688174963e-02 -1.395639787808037546e+00 2.540357808127477468e-02 5.711174331703088025e-02 9.980445415891808780e-01 -7.203360203928031724e-02
9.641084328583153784e-01 -2.645163255343799258e-01 -2.293563204433654926e-02 8.673627495826491396e-02 2.631019598378369073e-01 9.634025223210572753e-01 -5.131216926728201372e-02 -1.485778199669671507e+00 3.566915223232106774e-02 4.343608535785544594e-02 9.984192596639012152e-01 -6.429310832905379969e-02
9.584865404141144074e-01 -2.799092407235466706e-01 -5.435410566415280892e-02 4.498443526064990067e-02 2.792095903540806612e-01 9.600172580838578495e-01 -2.022050532152818575e-02 -1.572463634206573646e+00 5.784078577689565070e-02 4.204894614506219166e-03 9.983169648773840832e-01 1.152605514659638813e-01
9.530823450358389959e-01 -2.888224645847303762e-01 -9.064009891978440370e-02 1.110004606440793094e-02 2.902277954857099829e-01 9.569544816232008477e-01 2.438612059349003301e-03 -1.575222114536022122e+00 8.603412293091070029e-02 -2.863047419225273407e-02 9.958807286211716070e-01 -1.252835209458525723e-01
9.499100779202315215e-01 -3.002581855237199115e-01 -8.669409375259172490e-02 6.368818056889367918e-02 3.006415373846942352e-01 9.536955859096369892e-01 -8.910410509162733361e-03 -1.488357219288566125e+00 8.535519822803565304e-02 -1.759975688689197071e-02 9.961951308317938958e-01 -4.912572521647737278e-01
9.474893772512661405e-01 -3.162848464588964847e-01 -4.719932093240489235e-02 1.230383501737401380e-01 3.151838382660742677e-01 9.485757105701164704e-01 -2.938144673537849624e-02 -1.516075757260413992e+00 5.406503576132237060e-02 1.296214553501738587e-02 9.984532811760677973e-01 -2.546444445268855050e-01
9.419836425037884098e-01 -3.347306560811627585e-01 -2.494404006509771954e-02 1.285070570426119774e-01 3.340559049246785706e-01 9.421469497960032191e-01 -2.767268283057218101e-02 -1.655120897002760438e+00 3.276384654232446930e-02 1.773451069417077142e-02 9.993057677658973015e-01 3.302550166872479931e-01
9.368760112460694511e-01 -3.479147820256880963e-01 -3.490908190818784590e-02 8.013388953911687596e-02 3.478969932366789974e-01 9.375082575919174710e-01 -6.778572404636307169e-03 -1.786214997730771525e+00 3.508591809448311644e-02 -5.794082756113159809e-03 9.993675034522998546e-01 3.180667346782172222e-01
9.328729517612834865e-01 -3.591105948595824660e-01 -2.806486293903749998e-02 1.363323499270051864e-01 3.591946630883568470e-01 9.332601606862965804e-01 -2.160204765724748569e-03 -1.693926595429652737e+00 2.696757091456294247e-02 -8.065552391798043799e-03 9.996037699926821896e-01 -2.701049539111392561e-01
9.272590137630689622e-01 -3.742432093966530093e-01 -1.152135476555341161e-02 2.310216547049285529e-01 3.742729184272152176e-01 9.273184844479007705e-01 4.592746712683062069e-04 -1.650689580344894214e+00 1.051208481300954477e-02 -4.737997651065587595e-03 9.999335215158768886e-01 -3.725583794102771962e-01
9.212156052268226647e-01 -3.890496040606618577e-01 -1.488041269918240163e-03 2.514639651634439921e-01 3.890523557682915023e-01 9.212113034258357924e-01 2.828234717153755001e-03 -1.685475492954887633e+00 2.704768409135315335e-04 -3.184339918228439904e-03 9.999948933977431675e-01 -1.040164446154847877e-01
9.133622534211817134e-01 -4.070916911806719551e-01 6.763800488027448682e-03 2.060008123438312466e-01 4.070200959400206986e-01 9.133657714160914320e-01 9.879732104913574800e-03 -1.770578309242003323e+00 -1.019978070145297067e-02 -6.270771654985365928e-03 9.999283183791192187e-01 1.782597794468838703e-01
9.034973442542834077e-01 -4.285466038093720953e-01 6.352738693652372655e-03 1.869761397222009791e-01 4.284501943623785780e-01 9.034791506489653345e-01 1.248420175518158773e-02 -1.853452140273916360e+00 -1.108962922268993435e-02 -8.557611002912465098e-03 9.999018888959186890e-01 1.689735932862402035e-01
8.929104074391818191e-01 -4.502341613629886607e-01 -4.519165417746116788e-04 2.238512636267508682e-01 4.502235927260976878e-01 8.928815972351928920e-01 7.821117026090809027e-03 -1.885831578394760788e+00 -3.117826101527067326e-03 -7.187020279446386731e-03 9.999693124790897114e-01 -3.191323367775911884e-02
8.814042342672611108e-01 -4.723231374518096493e-01 -6.117977069421889381e-03 2.806306052614572777e-01 4.723409781668128637e-01 8.814140417320568410e-01 1.813113890027805240e-03 -1.892430648556274519e+00 4.536095254887804844e-03 -4.487857533252159054e-03 9.999796412800611156e-01 -1.433000499680073814e-01
8.680185324126566959e-01 -4.965091753886084480e-01 -4.739846316252171836e-03 2.922518344975233440e-01 4.965206569564022954e-01 8.680234551696024425e-01 1.586975427578574127e-03 -1.913959966389018330e+00 3.326349915497100150e-03 -3.730955688439613685e-03 9.999875076049152822e-01 -1.014495141790023036e-01
8.540826474715362826e-01 -5.201373188333479058e-01 -2.906660493383174537e-05 2.867940727118546418e-01 5.201255706832138559e-01 8.540629783506233919e-01 6.769027428193563449e-03 -1.984484272153224094e+00 -3.495999066429663054e-03 -5.796427151158034703e-03 9.999770894489576900e-01 2.290862616673286847e-02
8.400765141518624635e-01 -5.424621636819324522e-01 2.500268779912751503e-03 2.922185638487387882e-01 5.424064220655051560e-01 8.400417494185962175e-01 1.118626550022232616e-02 -2.034533099127821654e+00 -8.168455946665764689e-03 -8.041157084689451798e-03 9.999343059022360869e-01 7.485349011572581257e-02
